struct Coeffs 
{
  float m_Den1, m_Num0, m_Num1;
};
const Coeffs filter_coeffs[] = {
{0.931184,0.0344079,0.0344079},
{0.930551,0.0347245,0.0347245},
{0.929918,0.0350409,0.0350409},
{0.929286,0.0353571,0.0353571},
{0.928654,0.0356731,0.0356731},
{0.928022,0.0359888,0.0359888},
{0.927391,0.0363045,0.0363045},
{0.92676,0.0366199,0.0366199},
{0.92613,0.0369351,0.0369351},
{0.9255,0.03725,0.03725},
{0.92487,0.0375649,0.0375649},
{0.924241,0.0378795,0.0378795},
{0.923612,0.0381939,0.0381939},
{0.922984,0.0385081,0.0385081},
{0.922356,0.0388221,0.0388221},
{0.921728,0.0391359,0.0391359},
{0.921101,0.0394495,0.0394495},
{0.920474,0.0397629,0.0397629},
{0.919848,0.0400762,0.0400762},
{0.919222,0.0403892,0.0403892},
{0.918596,0.0407021,0.0407021},
{0.917971,0.0410147,0.0410147},
{0.917346,0.0413271,0.0413271},
{0.916721,0.0416394,0.0416394},
{0.916097,0.0419514,0.0419514},
{0.915474,0.0422632,0.0422632},
{0.91485,0.0425749,0.0425749},
{0.914227,0.0428864,0.0428864},
{0.913605,0.0431977,0.0431977},
{0.912982,0.0435088,0.0435088},
{0.912361,0.0438197,0.0438197},
{0.911739,0.0441304,0.0441304},
{0.911118,0.044441,0.044441},
{0.910498,0.0447512,0.0447512},
{0.909877,0.0450614,0.0450614},
{0.909257,0.0453713,0.0453713},
{0.908638,0.045681,0.045681},
{0.908019,0.0459906,0.0459906},
{0.9074,0.0462999,0.0462999},
{0.906782,0.0466091,0.0466091},
{0.906164,0.0469182,0.0469182},
{0.905546,0.0472269,0.0472269},
{0.904929,0.0475355,0.0475355},
{0.904312,0.0478439,0.0478439},
{0.903696,0.0481522,0.0481522},
{0.90308,0.0484602,0.0484602},
{0.902464,0.0487681,0.0487681},
{0.901849,0.0490757,0.0490757},
{0.901234,0.0493832,0.0493832},
{0.900619,0.0496905,0.0496905},
{0.900005,0.0499976,0.0499976},
{0.899391,0.0503045,0.0503045},
{0.898778,0.0506112,0.0506112},
{0.898165,0.0509177,0.0509177},
{0.897552,0.0512241,0.0512241},
{0.896939,0.0515303,0.0515303},
{0.896327,0.0518363,0.0518363},
{0.895716,0.052142,0.052142},
{0.895105,0.0524476,0.0524476},
{0.894494,0.052753,0.052753},
{0.893883,0.0530583,0.0530583},
{0.893273,0.0533633,0.0533633},
{0.892664,0.0536682,0.0536682},
{0.892054,0.0539728,0.0539728},
{0.891445,0.0542774,0.0542774},
{0.890837,0.0545817,0.0545817},
{0.890228,0.0548858,0.0548858},
{0.889621,0.0551897,0.0551897},
{0.889013,0.0554935,0.0554935},
{0.888406,0.0557971,0.0557971},
{0.887799,0.0561005,0.0561005},
{0.887193,0.0564037,0.0564037},
{0.886587,0.0567067,0.0567067},
{0.885981,0.0570095,0.0570095},
{0.885376,0.0573122,0.0573122},
{0.884771,0.0576147,0.0576147},
{0.884166,0.0579171,0.0579171},
{0.883562,0.0582191,0.0582191},
{0.882958,0.0585211,0.0585211},
{0.882354,0.0588228,0.0588228},
{0.881751,0.0591244,0.0591244},
{0.881148,0.0594258,0.0594258},
{0.880546,0.059727,0.059727},
{0.879944,0.060028,0.060028},
{0.879342,0.0603289,0.0603289},
{0.878741,0.0606296,0.0606296},
{0.87814,0.06093,0.06093},
{0.877539,0.0612304,0.0612304},
{0.876939,0.0615305,0.0615305},
{0.876339,0.0618305,0.0618305},
{0.875739,0.0621303,0.0621303},
{0.87514,0.0624299,0.0624299},
{0.874541,0.0627293,0.0627293},
{0.873943,0.0630285,0.0630285},
{0.873345,0.0633276,0.0633276},
{0.872747,0.0636265,0.0636265},
{0.87215,0.0639252,0.0639252},
{0.871552,0.0642238,0.0642238},
{0.870956,0.0645222,0.0645222},
{0.870359,0.0648204,0.0648204},
{0.869763,0.0651184,0.0651184},
{0.869168,0.0654162,0.0654162},
{0.868572,0.0657138,0.0657138},
{0.867977,0.0660113,0.0660113},
{0.867383,0.0663086,0.0663086},
{0.866788,0.0666058,0.0666058},
{0.866194,0.0669028,0.0669028},
{0.865601,0.0671996,0.0671996},
{0.865008,0.0674962,0.0674962},
{0.864415,0.0677925,0.0677925},
{0.863822,0.0680888,0.0680888},
{0.86323,0.0683849,0.0683849},
{0.862638,0.0686809,0.0686809},
{0.862047,0.0689767,0.0689767},
{0.861456,0.0692722,0.0692722},
{0.860865,0.0695676,0.0695676},
{0.860274,0.0698628,0.0698628},
{0.859684,0.0701579,0.0701579},
{0.859095,0.0704527,0.0704527},
{0.858505,0.0707475,0.0707475},
{0.857916,0.071042,0.071042},
{0.857327,0.0713364,0.0713364},
{0.856739,0.0716306,0.0716306},
{0.856151,0.0719246,0.0719246},
{0.855563,0.0722184,0.0722184},
{0.854976,0.0725121,0.0725121},
{0.854389,0.0728056,0.0728056},
{0.853802,0.073099,0.073099},
{0.853216,0.0733922,0.0733922},
{0.85263,0.0736851,0.0736851},
{0.852044,0.073978,0.073978},
{0.851459,0.0742707,0.0742707},
{0.850874,0.0745632,0.0745632},
{0.850289,0.0748555,0.0748555},
{0.849705,0.0751477,0.0751477},
{0.849121,0.0754396,0.0754396},
{0.848537,0.0757314,0.0757314},
{0.847954,0.0760231,0.0760231},
{0.847371,0.0763146,0.0763146},
{0.846788,0.0766059,0.0766059},
{0.846206,0.0768971,0.0768971},
{0.845624,0.0771881,0.0771881},
{0.845042,0.0774789,0.0774789},
{0.844461,0.0777695,0.0777695},
{0.84388,0.07806,0.07806},
{0.843299,0.0783504,0.0783504},
{0.842719,0.0786405,0.0786405},
{0.842139,0.0789305,0.0789305},
{0.841559,0.0792203,0.0792203},
{0.84098,0.0795099,0.0795099},
{0.840401,0.0797994,0.0797994},
{0.839822,0.0800888,0.0800888},
{0.839244,0.080378,0.080378},
{0.838666,0.0806669,0.0806669},
{0.838089,0.0809557,0.0809557},
{0.837511,0.0812444,0.0812444},
{0.836934,0.0815329,0.0815329},
{0.836357,0.0818213,0.0818213},
{0.835781,0.0821094,0.0821094},
{0.835205,0.0823974,0.0823974},
{0.834629,0.0826853,0.0826853},
{0.834054,0.082973,0.082973},
{0.833479,0.0832605,0.0832605},
{0.832904,0.0835479,0.0835479},
{0.83233,0.0838351,0.0838351},
{0.831756,0.0841221,0.0841221},
{0.831182,0.084409,0.084409},
{0.830609,0.0846957,0.0846957},
{0.830035,0.0849823,0.0849823},
{0.829463,0.0852686,0.0852686},
{0.82889,0.0855549,0.0855549},
{0.828318,0.0858409,0.0858409},
{0.827746,0.0861268,0.0861268},
{0.827175,0.0864126,0.0864126},
{0.826604,0.0866982,0.0866982},
{0.826033,0.0869836,0.0869836},
{0.825462,0.0872689,0.0872689},
{0.824892,0.087554,0.087554},
{0.824322,0.087839,0.087839},
{0.823753,0.0881237,0.0881237},
{0.823183,0.0884083,0.0884083},
{0.822614,0.0886928,0.0886928},
{0.822046,0.0889772,0.0889772},
{0.821477,0.0892613,0.0892613},
{0.820909,0.0895453,0.0895453},
{0.820342,0.0898291,0.0898291},
{0.819774,0.0901128,0.0901128},
{0.819207,0.0903963,0.0903963},
{0.818641,0.0906797,0.0906797},
{0.818074,0.0909629,0.0909629},
{0.817508,0.0912459,0.0912459},
{0.816942,0.0915288,0.0915288},
{0.816377,0.0918116,0.0918116},
{0.815812,0.0920942,0.0920942},
{0.815247,0.0923766,0.0923766},
{0.814682,0.0926588,0.0926588},
{0.814118,0.0929409,0.0929409},
{0.813554,0.0932229,0.0932229},
{0.812991,0.0935047,0.0935047},
{0.812427,0.0937863,0.0937863},
{0.811864,0.0940678,0.0940678},
{0.811302,0.0943491,0.0943491},
{0.810739,0.0946304,0.0946304},
{0.810177,0.0949114,0.0949114},
{0.809616,0.0951922,0.0951922},
{0.809054,0.0954729,0.0954729},
{0.808493,0.0957535,0.0957535},
{0.807932,0.0960339,0.0960339},
{0.807372,0.0963142,0.0963142},
{0.806811,0.0965943,0.0965943},
{0.806252,0.0968742,0.0968742},
{0.805692,0.097154,0.097154},
{0.805133,0.0974337,0.0974337},
{0.804574,0.0977131,0.0977131},
{0.804015,0.0979924,0.0979924},
{0.803457,0.0982716,0.0982716},
{0.802899,0.0985507,0.0985507},
{0.802341,0.0988296,0.0988296},
{0.801783,0.0991083,0.0991083},
{0.801226,0.0993869,0.0993869},
{0.800669,0.0996653,0.0996653},
{0.800113,0.0999436,0.0999436},
{0.799557,0.100222,0.100222},
{0.799001,0.1005,0.1005},
{0.798445,0.100778,0.100778},
{0.79789,0.101055,0.101055},
{0.797335,0.101333,0.101333},
{0.79678,0.10161,0.10161},
{0.796225,0.101887,0.101887},
{0.795671,0.102164,0.102164},
{0.795118,0.102441,0.102441},
{0.794564,0.102718,0.102718},
{0.794011,0.102995,0.102995},
{0.793458,0.103271,0.103271},
{0.792905,0.103547,0.103547},
{0.792353,0.103824,0.103824},
{0.791801,0.1041,0.1041},
{0.791249,0.104376,0.104376},
{0.790697,0.104651,0.104651},
{0.790146,0.104927,0.104927},
{0.789595,0.105202,0.105202},
{0.789045,0.105478,0.105478},
{0.788495,0.105753,0.105753},
{0.787944,0.106028,0.106028},
{0.787395,0.106303,0.106303},
{0.786845,0.106577,0.106577},
{0.786296,0.106852,0.106852},
{0.785748,0.107126,0.107126},
{0.785199,0.1074,0.1074},
{0.784651,0.107675,0.107675},
{0.784103,0.107949,0.107949},
{0.783555,0.108222,0.108222},
{0.783008,0.108496,0.108496},
{0.782461,0.10877,0.10877},
{0.781914,0.109043,0.109043},
{0.781368,0.109316,0.109316},
{0.780821,0.109589,0.109589},
{0.780275,0.109862,0.109862},
{0.77973,0.110135,0.110135},
{0.779185,0.110408,0.110408},
{0.77864,0.11068,0.11068},
{0.778095,0.110953,0.110953},
{0.77755,0.111225,0.111225},
{0.777006,0.111497,0.111497},
{0.776462,0.111769,0.111769},
{0.775919,0.112041,0.112041},
{0.775375,0.112312,0.112312},
{0.774832,0.112584,0.112584},
{0.774289,0.112855,0.112855},
{0.773747,0.113126,0.113126},
{0.773205,0.113398,0.113398},
{0.772663,0.113668,0.113668},
{0.772121,0.113939,0.113939},
{0.77158,0.11421,0.11421},
{0.771039,0.114481,0.114481},
{0.770498,0.114751,0.114751},
{0.769958,0.115021,0.115021},
{0.769418,0.115291,0.115291},
{0.768878,0.115561,0.115561},
{0.768338,0.115831,0.115831},
{0.767799,0.116101,0.116101},
{0.76726,0.11637,0.11637},
{0.766721,0.11664,0.11664},
{0.766182,0.116909,0.116909},
{0.765644,0.117178,0.117178},
{0.765106,0.117447,0.117447},
{0.764569,0.117716,0.117716},
{0.764031,0.117984,0.117984},
{0.763494,0.118253,0.118253},
{0.762957,0.118521,0.118521},
{0.762421,0.11879,0.11879},
{0.761884,0.119058,0.119058},
{0.761348,0.119326,0.119326},
{0.760813,0.119594,0.119594},
{0.760277,0.119861,0.119861},
{0.759742,0.120129,0.120129},
{0.759207,0.120396,0.120396},
{0.758672,0.120664,0.120664},
{0.758138,0.120931,0.120931},
{0.757604,0.121198,0.121198},
{0.75707,0.121465,0.121465},
{0.756537,0.121732,0.121732},
{0.756003,0.121998,0.121998},
{0.75547,0.122265,0.122265},
{0.754938,0.122531,0.122531},
{0.754405,0.122797,0.122797},
{0.753873,0.123063,0.123063},
{0.753341,0.123329,0.123329},
{0.75281,0.123595,0.123595},
{0.752278,0.123861,0.123861},
{0.751747,0.124126,0.124126},
{0.751216,0.124392,0.124392},
{0.750686,0.124657,0.124657},
{0.750156,0.124922,0.124922},
{0.749626,0.125187,0.125187},
{0.749096,0.125452,0.125452},
{0.748567,0.125717,0.125717},
{0.748037,0.125981,0.125981},
{0.747508,0.126246,0.126246},
{0.74698,0.12651,0.12651},
{0.746451,0.126774,0.126774},
{0.745923,0.127038,0.127038},
{0.745396,0.127302,0.127302},
{0.744868,0.127566,0.127566},
{0.744341,0.12783,0.12783},
{0.743814,0.128093,0.128093},
{0.743287,0.128357,0.128357},
{0.74276,0.12862,0.12862},
{0.742234,0.128883,0.128883},
{0.741708,0.129146,0.129146},
{0.741182,0.129409,0.129409},
{0.740657,0.129672,0.129672},
{0.740132,0.129934,0.129934},
{0.739607,0.130197,0.130197},
{0.739082,0.130459,0.130459},
{0.738558,0.130721,0.130721},
{0.738034,0.130983,0.130983},
{0.73751,0.131245,0.131245},
{0.736986,0.131507,0.131507},
{0.736463,0.131769,0.131769},
{0.73594,0.13203,0.13203},
{0.735417,0.132292,0.132292},
{0.734894,0.132553,0.132553},
{0.734372,0.132814,0.132814},
{0.73385,0.133075,0.133075},
{0.733328,0.133336,0.133336},
{0.732807,0.133597,0.133597},
{0.732285,0.133857,0.133857},
{0.731764,0.134118,0.134118},
{0.731244,0.134378,0.134378},
{0.730723,0.134638,0.134638},
{0.730203,0.134899,0.134899},
{0.729683,0.135159,0.135159},
{0.729163,0.135418,0.135418},
{0.728644,0.135678,0.135678},
{0.728124,0.135938,0.135938},
{0.727606,0.136197,0.136197},
{0.727087,0.136457,0.136457},
{0.726568,0.136716,0.136716},
{0.72605,0.136975,0.136975},
{0.725532,0.137234,0.137234},
{0.725015,0.137493,0.137493},
{0.724497,0.137751,0.137751},
{0.72398,0.13801,0.13801},
{0.723463,0.138268,0.138268},
{0.722946,0.138527,0.138527},
{0.72243,0.138785,0.138785},
{0.721914,0.139043,0.139043},
{0.721398,0.139301,0.139301},
{0.720882,0.139559,0.139559},
{0.720367,0.139816,0.139816},
{0.719852,0.140074,0.140074},
{0.719337,0.140331,0.140331},
{0.718822,0.140589,0.140589},
{0.718308,0.140846,0.140846},
{0.717794,0.141103,0.141103},
{0.71728,0.14136,0.14136},
{0.716766,0.141617,0.141617},
{0.716253,0.141874,0.141874},
{0.71574,0.14213,0.14213},
{0.715227,0.142387,0.142387},
{0.714714,0.142643,0.142643},
{0.714202,0.142899,0.142899},
{0.71369,0.143155,0.143155},
{0.713178,0.143411,0.143411},
{0.712666,0.143667,0.143667},
{0.712155,0.143923,0.143923},
{0.711644,0.144178,0.144178},
{0.711133,0.144434,0.144434},
{0.710622,0.144689,0.144689},
{0.710112,0.144944,0.144944},
{0.709602,0.145199,0.145199},
{0.709092,0.145454,0.145454},
{0.708582,0.145709,0.145709},
{0.708073,0.145964,0.145964},
{0.707563,0.146218,0.146218},
{0.707054,0.146473,0.146473},
{0.706546,0.146727,0.146727},
{0.706037,0.146981,0.146981},
{0.705529,0.147235,0.147235},
{0.705021,0.147489,0.147489},
{0.704513,0.147743,0.147743},
{0.704006,0.147997,0.147997},
{0.703499,0.148251,0.148251},
{0.702992,0.148504,0.148504},
{0.702485,0.148758,0.148758},
{0.701978,0.149011,0.149011},
{0.701472,0.149264,0.149264},
{0.700966,0.149517,0.149517},
{0.70046,0.14977,0.14977},
{0.699955,0.150023,0.150023},
{0.699449,0.150275,0.150275},
{0.698944,0.150528,0.150528},
{0.69844,0.15078,0.15078},
{0.697935,0.151033,0.151033},
{0.697431,0.151285,0.151285},
{0.696927,0.151537,0.151537},
{0.696423,0.151789,0.151789},
{0.695919,0.15204,0.15204},
{0.695416,0.152292,0.152292},
{0.694912,0.152544,0.152544},
{0.694409,0.152795,0.152795},
{0.693907,0.153047,0.153047},
{0.693404,0.153298,0.153298},
{0.692902,0.153549,0.153549},
{0.6924,0.1538,0.1538},
{0.691898,0.154051,0.154051},
{0.691397,0.154301,0.154301},
{0.690896,0.154552,0.154552},
{0.690395,0.154803,0.154803},
{0.689894,0.155053,0.155053},
{0.689393,0.155303,0.155303},
{0.688893,0.155554,0.155554},
{0.688393,0.155804,0.155804},
{0.687893,0.156054,0.156054},
{0.687393,0.156303,0.156303},
{0.686894,0.156553,0.156553},
{0.686395,0.156803,0.156803},
{0.685896,0.157052,0.157052},
{0.685397,0.157301,0.157301},
{0.684899,0.157551,0.157551},
{0.6844,0.1578,0.1578},
{0.683902,0.158049,0.158049},
{0.683405,0.158298,0.158298},
{0.682907,0.158546,0.158546},
{0.68241,0.158795,0.158795},
{0.681913,0.159044,0.159044},
{0.681416,0.159292,0.159292},
{0.680919,0.15954,0.15954},
{0.680423,0.159789,0.159789},
{0.679927,0.160037,0.160037},
{0.679431,0.160285,0.160285},
{0.678935,0.160533,0.160533},
{0.67844,0.16078,0.16078},
{0.677944,0.161028,0.161028},
{0.677449,0.161275,0.161275},
{0.676954,0.161523,0.161523},
{0.67646,0.16177,0.16177},
{0.675966,0.162017,0.162017},
{0.675471,0.162264,0.162264},
{0.674978,0.162511,0.162511},
{0.674484,0.162758,0.162758},
{0.67399,0.163005,0.163005},
{0.673497,0.163251,0.163251},
{0.673004,0.163498,0.163498},
{0.672511,0.163744,0.163744},
{0.672019,0.163991,0.163991},
{0.671527,0.164237,0.164237},
{0.671035,0.164483,0.164483},
{0.670543,0.164729,0.164729},
{0.670051,0.164975,0.164975},
{0.66956,0.16522,0.16522},
{0.669068,0.165466,0.165466},
{0.668577,0.165711,0.165711},
{0.668087,0.165957,0.165957},
{0.667596,0.166202,0.166202},
{0.667106,0.166447,0.166447},
{0.666616,0.166692,0.166692},
{0.666126,0.166937,0.166937},
{0.665636,0.167182,0.167182},
{0.665147,0.167427,0.167427},
{0.664658,0.167671,0.167671},
{0.664169,0.167916,0.167916},
{0.66368,0.16816,0.16816},
{0.663191,0.168404,0.168404},
{0.662703,0.168648,0.168648},
{0.662215,0.168893,0.168893},
{0.661727,0.169136,0.169136},
{0.661239,0.16938,0.16938},
{0.660752,0.169624,0.169624},
{0.660265,0.169868,0.169868},
{0.659778,0.170111,0.170111},
{0.659291,0.170355,0.170355},
{0.658804,0.170598,0.170598},
{0.658318,0.170841,0.170841},
{0.657832,0.171084,0.171084},
{0.657346,0.171327,0.171327},
{0.65686,0.17157,0.17157},
{0.656375,0.171813,0.171813},
{0.65589,0.172055,0.172055},
{0.655404,0.172298,0.172298},
{0.65492,0.17254,0.17254},
{0.654435,0.172783,0.172783},
{0.653951,0.173025,0.173025},
{0.653466,0.173267,0.173267},
{0.652982,0.173509,0.173509},
{0.652499,0.173751,0.173751},
{0.652015,0.173992,0.173992},
{0.651532,0.174234,0.174234},
{0.651049,0.174476,0.174476},
{0.650566,0.174717,0.174717},
{0.650083,0.174959,0.174959},
{0.649601,0.1752,0.1752},
{0.649118,0.175441,0.175441},
{0.648636,0.175682,0.175682},
{0.648154,0.175923,0.175923},
{0.647673,0.176164,0.176164},
{0.647191,0.176404,0.176404},
{0.64671,0.176645,0.176645},
{0.646229,0.176885,0.176885},
{0.645748,0.177126,0.177126},
{0.645268,0.177366,0.177366},
{0.644787,0.177606,0.177606},
{0.644307,0.177846,0.177846},
{0.643827,0.178086,0.178086},
{0.643348,0.178326,0.178326},
{0.642868,0.178566,0.178566},
{0.642389,0.178806,0.178806},
{0.64191,0.179045,0.179045},
{0.641431,0.179285,0.179285},
{0.640952,0.179524,0.179524},
{0.640473,0.179763,0.179763},
{0.639995,0.180002,0.180002},
{0.639517,0.180241,0.180241},
{0.639039,0.18048,0.18048},
{0.638562,0.180719,0.180719},
{0.638084,0.180958,0.180958},
{0.637607,0.181197,0.181197},
{0.63713,0.181435,0.181435},
{0.636653,0.181673,0.181673},
{0.636177,0.181912,0.181912},
{0.6357,0.18215,0.18215},
{0.635224,0.182388,0.182388},
{0.634748,0.182626,0.182626},
{0.634272,0.182864,0.182864},
{0.633796,0.183102,0.183102},
{0.633321,0.18334,0.18334},
{0.632846,0.183577,0.183577},
{0.632371,0.183815,0.183815},
{0.631896,0.184052,0.184052},
{0.631421,0.184289,0.184289},
{0.630947,0.184526,0.184526},
{0.630473,0.184764,0.184764},
{0.629999,0.185001,0.185001},
{0.629525,0.185237,0.185237},
{0.629052,0.185474,0.185474},
{0.628578,0.185711,0.185711},
{0.628105,0.185947,0.185947},
{0.627632,0.186184,0.186184},
{0.627159,0.18642,0.18642},
{0.626687,0.186657,0.186657},
{0.626214,0.186893,0.186893},
{0.625742,0.187129,0.187129},
{0.62527,0.187365,0.187365},
{0.624799,0.187601,0.187601},
{0.624327,0.187836,0.187836},
{0.623856,0.188072,0.188072},
{0.623385,0.188308,0.188308},
{0.622914,0.188543,0.188543},
{0.622443,0.188779,0.188779},
{0.621972,0.189014,0.189014},
{0.621502,0.189249,0.189249},
{0.621032,0.189484,0.189484},
{0.620562,0.189719,0.189719},
{0.620092,0.189954,0.189954},
{0.619623,0.190189,0.190189},
{0.619153,0.190423,0.190423},
{0.618684,0.190658,0.190658},
{0.618215,0.190893,0.190893},
{0.617746,0.191127,0.191127},
{0.617278,0.191361,0.191361},
{0.616809,0.191595,0.191595},
{0.616341,0.19183,0.19183},
{0.615873,0.192063,0.192063},
{0.615405,0.192297,0.192297},
{0.614938,0.192531,0.192531},
{0.61447,0.192765,0.192765},
{0.614003,0.192998,0.192998},
{0.613536,0.193232,0.193232},
{0.613069,0.193465,0.193465},
{0.612602,0.193699,0.193699},
{0.612136,0.193932,0.193932},
{0.61167,0.194165,0.194165},
{0.611204,0.194398,0.194398},
{0.610738,0.194631,0.194631},
{0.610272,0.194864,0.194864},
{0.609807,0.195097,0.195097},
{0.609341,0.195329,0.195329},
{0.608876,0.195562,0.195562},
{0.608411,0.195794,0.195794},
{0.607947,0.196027,0.196027},
{0.607482,0.196259,0.196259},
{0.607018,0.196491,0.196491},
{0.606554,0.196723,0.196723},
{0.60609,0.196955,0.196955},
{0.605626,0.197187,0.197187},
{0.605163,0.197419,0.197419},
{0.604699,0.19765,0.19765},
{0.604236,0.197882,0.197882},
{0.603773,0.198113,0.198113},
{0.60331,0.198345,0.198345},
{0.602848,0.198576,0.198576},
{0.602385,0.198807,0.198807},
{0.601923,0.199039,0.199039},
{0.601461,0.19927,0.19927},
{0.600999,0.1995,0.1995},
{0.600537,0.199731,0.199731},
{0.600076,0.199962,0.199962},
{0.599615,0.200193,0.200193},
{0.599154,0.200423,0.200423},
{0.598693,0.200654,0.200654},
{0.598232,0.200884,0.200884},
{0.597771,0.201114,0.201114},
{0.597311,0.201344,0.201344},
{0.596851,0.201575,0.201575},
{0.596391,0.201805,0.201805},
{0.595931,0.202034,0.202034},
{0.595472,0.202264,0.202264},
{0.595012,0.202494,0.202494},
{0.594553,0.202724,0.202724},
{0.594094,0.202953,0.202953},
{0.593635,0.203183,0.203183},
{0.593176,0.203412,0.203412},
{0.592718,0.203641,0.203641},
{0.592259,0.20387,0.20387},
{0.591801,0.204099,0.204099},
{0.591343,0.204328,0.204328},
{0.590886,0.204557,0.204557},
{0.590428,0.204786,0.204786},
{0.589971,0.205015,0.205015},
{0.589513,0.205243,0.205243},
{0.589056,0.205472,0.205472},
{0.5886,0.2057,0.2057},
{0.588143,0.205929,0.205929},
{0.587686,0.206157,0.206157},
{0.58723,0.206385,0.206385},
{0.586774,0.206613,0.206613},
{0.586318,0.206841,0.206841},
{0.585862,0.207069,0.207069},
{0.585407,0.207297,0.207297},
{0.584951,0.207524,0.207524},
{0.584496,0.207752,0.207752},
{0.584041,0.207979,0.207979},
{0.583586,0.208207,0.208207},
{0.583132,0.208434,0.208434},
{0.582677,0.208661,0.208661},
{0.582223,0.208889,0.208889},
{0.581769,0.209116,0.209116},
{0.581315,0.209343,0.209343},
{0.580861,0.20957,0.20957},
{0.580407,0.209796,0.209796},
{0.579954,0.210023,0.210023},
{0.579501,0.21025,0.21025},
{0.579048,0.210476,0.210476},
{0.578595,0.210703,0.210703},
{0.578142,0.210929,0.210929},
{0.57769,0.211155,0.211155},
{0.577237,0.211381,0.211381},
{0.576785,0.211608,0.211608},
{0.576333,0.211834,0.211834},
{0.575881,0.212059,0.212059},
{0.57543,0.212285,0.212285},
{0.574978,0.212511,0.212511},
{0.574527,0.212737,0.212737},
{0.574076,0.212962,0.212962},
{0.573625,0.213188,0.213188},
{0.573174,0.213413,0.213413},
{0.572723,0.213638,0.213638},
{0.572273,0.213864,0.213864},
{0.571823,0.214089,0.214089},
{0.571373,0.214314,0.214314},
{0.570923,0.214539,0.214539},
{0.570473,0.214763,0.214763},
{0.570024,0.214988,0.214988},
{0.569574,0.215213,0.215213},
{0.569125,0.215437,0.215437},
{0.568676,0.215662,0.215662},
{0.568227,0.215886,0.215886},
{0.567778,0.216111,0.216111},
{0.56733,0.216335,0.216335},
{0.566882,0.216559,0.216559},
{0.566433,0.216783,0.216783},
{0.565986,0.217007,0.217007},
{0.565538,0.217231,0.217231},
{0.56509,0.217455,0.217455},
{0.564643,0.217679,0.217679},
{0.564195,0.217902,0.217902},
{0.563748,0.218126,0.218126},
{0.563301,0.218349,0.218349},
{0.562854,0.218573,0.218573},
{0.562408,0.218796,0.218796},
{0.561961,0.219019,0.219019},
{0.561515,0.219242,0.219242},
{0.561069,0.219465,0.219465},
{0.560623,0.219688,0.219688},
{0.560177,0.219911,0.219911},
{0.559732,0.220134,0.220134},
{0.559286,0.220357,0.220357},
{0.558841,0.220579,0.220579},
{0.558396,0.220802,0.220802},
{0.557951,0.221024,0.221024},
{0.557506,0.221247,0.221247},
{0.557062,0.221469,0.221469},
{0.556617,0.221691,0.221691},
{0.556173,0.221913,0.221913},
{0.555729,0.222136,0.222136},
{0.555285,0.222357,0.222357},
{0.554841,0.222579,0.222579},
{0.554398,0.222801,0.222801},
{0.553954,0.223023,0.223023},
{0.553511,0.223244,0.223244},
{0.553068,0.223466,0.223466},
{0.552625,0.223687,0.223687},
{0.552182,0.223909,0.223909},
{0.55174,0.22413,0.22413},
{0.551297,0.224351,0.224351},
{0.550855,0.224572,0.224572},
{0.550413,0.224793,0.224793},
{0.549971,0.225014,0.225014},
{0.549529,0.225235,0.225235},
{0.549088,0.225456,0.225456},
{0.548646,0.225677,0.225677},
{0.548205,0.225897,0.225897},
{0.547764,0.226118,0.226118},
{0.547323,0.226338,0.226338},
{0.546882,0.226559,0.226559},
{0.546442,0.226779,0.226779},
{0.546001,0.226999,0.226999},
{0.545561,0.22722,0.22722},
{0.545121,0.22744,0.22744},
{0.544681,0.22766,0.22766},
{0.544241,0.227879,0.227879},
{0.543802,0.228099,0.228099},
{0.543362,0.228319,0.228319},
{0.542923,0.228539,0.228539},
{0.542484,0.228758,0.228758},
{0.542045,0.228978,0.228978},
{0.541606,0.229197,0.229197},
{0.541167,0.229416,0.229416},
{0.540729,0.229636,0.229636},
{0.54029,0.229855,0.229855},
{0.539852,0.230074,0.230074},
{0.539414,0.230293,0.230293},
{0.538976,0.230512,0.230512},
{0.538539,0.230731,0.230731},
{0.538101,0.230949,0.230949},
{0.537664,0.231168,0.231168},
{0.537226,0.231387,0.231387},
{0.536789,0.231605,0.231605},
{0.536353,0.231824,0.231824},
{0.535916,0.232042,0.232042},
{0.535479,0.23226,0.23226},
{0.535043,0.232479,0.232479},
{0.534607,0.232697,0.232697},
{0.534171,0.232915,0.232915},
{0.533735,0.233133,0.233133},
{0.533299,0.233351,0.233351},
{0.532863,0.233568,0.233568},
{0.532428,0.233786,0.233786},
{0.531992,0.234004,0.234004},
{0.531557,0.234221,0.234221},
{0.531122,0.234439,0.234439},
{0.530687,0.234656,0.234656},
{0.530253,0.234874,0.234874},
{0.529818,0.235091,0.235091},
{0.529384,0.235308,0.235308},
{0.528949,0.235525,0.235525},
{0.528515,0.235742,0.235742},
{0.528082,0.235959,0.235959},
{0.527648,0.236176,0.236176},
{0.527214,0.236393,0.236393},
{0.526781,0.23661,0.23661},
{0.526348,0.236826,0.236826},
{0.525914,0.237043,0.237043},
{0.525481,0.237259,0.237259},
{0.525048,0.237476,0.237476},
{0.524616,0.237692,0.237692},
{0.524183,0.237908,0.237908},
{0.523751,0.238124,0.238124},
{0.523319,0.238341,0.238341},
{0.522887,0.238557,0.238557},
{0.522455,0.238773,0.238773},
{0.522023,0.238988,0.238988},
{0.521592,0.239204,0.239204},
{0.52116,0.23942,0.23942},
{0.520729,0.239636,0.239636},
{0.520298,0.239851,0.239851},
{0.519867,0.240067,0.240067},
{0.519436,0.240282,0.240282},
{0.519005,0.240497,0.240497},
{0.518575,0.240713,0.240713},
{0.518144,0.240928,0.240928},
{0.517714,0.241143,0.241143},
{0.517284,0.241358,0.241358},
{0.516854,0.241573,0.241573},
{0.516424,0.241788,0.241788},
{0.515995,0.242003,0.242003},
{0.515565,0.242217,0.242217},
{0.515136,0.242432,0.242432},
{0.514707,0.242647,0.242647},
{0.514278,0.242861,0.242861},
{0.513849,0.243076,0.243076},
{0.51342,0.24329,0.24329},
{0.512991,0.243504,0.243504},
{0.512563,0.243718,0.243718},
{0.512135,0.243933,0.243933},
{0.511707,0.244147,0.244147},
{0.511279,0.244361,0.244361},
{0.510851,0.244575,0.244575},
{0.510423,0.244788,0.244788},
{0.509996,0.245002,0.245002},
{0.509568,0.245216,0.245216},
{0.509141,0.24543,0.24543},
{0.508714,0.245643,0.245643},
{0.508287,0.245857,0.245857},
{0.50786,0.24607,0.24607},
{0.507433,0.246283,0.246283},
{0.507007,0.246497,0.246497},
{0.506581,0.24671,0.24671},
{0.506154,0.246923,0.246923},
{0.505728,0.247136,0.247136},
{0.505302,0.247349,0.247349},
{0.504877,0.247562,0.247562},
{0.504451,0.247775,0.247775},
{0.504026,0.247987,0.247987},
{0.5036,0.2482,0.2482},
{0.503175,0.248412,0.248412},
{0.50275,0.248625,0.248625},
{0.502325,0.248837,0.248837},
{0.5019,0.24905,0.24905},
{0.501476,0.249262,0.249262},
{0.501051,0.249474,0.249474},
{0.500627,0.249687,0.249687},
{0.500203,0.249899,0.249899},
{0.499779,0.250111,0.250111},
{0.499355,0.250323,0.250323},
{0.498931,0.250534,0.250534},
{0.498507,0.250746,0.250746},
{0.498084,0.250958,0.250958},
{0.497661,0.25117,0.25117},
{0.497238,0.251381,0.251381},
{0.496814,0.251593,0.251593},
{0.496392,0.251804,0.251804},
{0.495969,0.252016,0.252016},
{0.495546,0.252227,0.252227},
{0.495124,0.252438,0.252438},
{0.494701,0.252649,0.252649},
{0.494279,0.25286,0.25286},
{0.493857,0.253071,0.253071},
{0.493435,0.253282,0.253282},
{0.493014,0.253493,0.253493},
{0.492592,0.253704,0.253704},
{0.492171,0.253915,0.253915},
{0.491749,0.254125,0.254125},
{0.491328,0.254336,0.254336},
{0.490907,0.254547,0.254547},
{0.490486,0.254757,0.254757},
{0.490065,0.254967,0.254967},
{0.489645,0.255178,0.255178},
{0.489224,0.255388,0.255388},
{0.488804,0.255598,0.255598},
{0.488384,0.255808,0.255808},
{0.487964,0.256018,0.256018},
{0.487544,0.256228,0.256228},
{0.487124,0.256438,0.256438},
{0.486704,0.256648,0.256648},
{0.486285,0.256858,0.256858},
{0.485865,0.257067,0.257067},
{0.485446,0.257277,0.257277},
{0.485027,0.257487,0.257487},
{0.484608,0.257696,0.257696},
{0.484189,0.257905,0.257905},
{0.48377,0.258115,0.258115},
{0.483352,0.258324,0.258324},
{0.482933,0.258533,0.258533},
{0.482515,0.258742,0.258742},
{0.482097,0.258951,0.258951},
{0.481679,0.25916,0.25916},
{0.481261,0.259369,0.259369},
{0.480844,0.259578,0.259578},
{0.480426,0.259787,0.259787},
{0.480008,0.259996,0.259996},
{0.479591,0.260204,0.260204},
{0.479174,0.260413,0.260413},
{0.478757,0.260622,0.260622},
{0.47834,0.26083,0.26083},
{0.477923,0.261038,0.261038},
{0.477507,0.261247,0.261247},
{0.47709,0.261455,0.261455},
{0.476674,0.261663,0.261663},
{0.476257,0.261871,0.261871},
{0.475841,0.262079,0.262079},
{0.475425,0.262287,0.262287},
{0.47501,0.262495,0.262495},
{0.474594,0.262703,0.262703},
{0.474178,0.262911,0.262911},
{0.473763,0.263119,0.263119},
{0.473347,0.263326,0.263326},
{0.472932,0.263534,0.263534},
{0.472517,0.263741,0.263741},
{0.472102,0.263949,0.263949},
{0.471688,0.264156,0.264156},
{0.471273,0.264363,0.264363},
{0.470859,0.264571,0.264571},
{0.470444,0.264778,0.264778},
{0.47003,0.264985,0.264985},
{0.469616,0.265192,0.265192},
{0.469202,0.265399,0.265399},
{0.468788,0.265606,0.265606},
{0.468374,0.265813,0.265813},
{0.467961,0.26602,0.26602},
{0.467547,0.266226,0.266226},
{0.467134,0.266433,0.266433},
{0.466721,0.26664,0.26664},
{0.466308,0.266846,0.266846},
{0.465895,0.267053,0.267053},
{0.465482,0.267259,0.267259},
{0.465069,0.267465,0.267465},
{0.464657,0.267672,0.267672},
{0.464244,0.267878,0.267878},
{0.463832,0.268084,0.268084},
{0.46342,0.26829,0.26829},
{0.463008,0.268496,0.268496},
{0.462596,0.268702,0.268702},
{0.462184,0.268908,0.268908},
{0.461773,0.269114,0.269114},
{0.461361,0.269319,0.269319},
{0.46095,0.269525,0.269525},
{0.460539,0.269731,0.269731},
{0.460127,0.269936,0.269936},
{0.459716,0.270142,0.270142},
{0.459306,0.270347,0.270347},
{0.458895,0.270553,0.270553},
{0.458484,0.270758,0.270758},
{0.458074,0.270963,0.270963},
{0.457663,0.271168,0.271168},
{0.457253,0.271373,0.271373},
{0.456843,0.271578,0.271578},
{0.456433,0.271783,0.271783},
{0.456023,0.271988,0.271988},
{0.455614,0.272193,0.272193},
{0.455204,0.272398,0.272398},
{0.454794,0.272603,0.272603},
{0.454385,0.272807,0.272807},
{0.453976,0.273012,0.273012},
{0.453567,0.273217,0.273217},
{0.453158,0.273421,0.273421},
{0.452749,0.273625,0.273625},
{0.45234,0.27383,0.27383},
{0.451932,0.274034,0.274034},
{0.451523,0.274238,0.274238},
{0.451115,0.274442,0.274442},
{0.450707,0.274647,0.274647},
{0.450299,0.274851,0.274851},
{0.449891,0.275055,0.275055},
{0.449483,0.275258,0.275258},
{0.449075,0.275462,0.275462},
{0.448668,0.275666,0.275666},
{0.44826,0.27587,0.27587},
{0.447853,0.276074,0.276074},
{0.447446,0.276277,0.276277},
{0.447039,0.276481,0.276481},
{0.446632,0.276684,0.276684},
{0.446225,0.276888,0.276888},
{0.445818,0.277091,0.277091},
{0.445412,0.277294,0.277294},
{0.445005,0.277497,0.277497},
{0.444599,0.277701,0.277701},
{0.444193,0.277904,0.277904},
{0.443787,0.278107,0.278107},
{0.443381,0.27831,0.27831},
{0.442975,0.278513,0.278513},
{0.442569,0.278716,0.278716},
{0.442163,0.278918,0.278918},
{0.441758,0.279121,0.279121},
{0.441352,0.279324,0.279324},
{0.440947,0.279526,0.279526},
{0.440542,0.279729,0.279729},
{0.440137,0.279931,0.279931},
{0.439732,0.280134,0.280134},
{0.439327,0.280336,0.280336},
{0.438923,0.280539,0.280539},
{0.438518,0.280741,0.280741},
{0.438114,0.280943,0.280943},
{0.43771,0.281145,0.281145},
{0.437305,0.281347,0.281347},
{0.436901,0.281549,0.281549},
{0.436497,0.281751,0.281751},
{0.436094,0.281953,0.281953},
{0.43569,0.282155,0.282155},
{0.435286,0.282357,0.282357},
{0.434883,0.282559,0.282559},
{0.43448,0.28276,0.28276},
{0.434076,0.282962,0.282962},
{0.433673,0.283163,0.283163},
{0.43327,0.283365,0.283365},
{0.432868,0.283566,0.283566},
{0.432465,0.283768,0.283768},
{0.432062,0.283969,0.283969},
{0.43166,0.28417,0.28417},
{0.431257,0.284371,0.284371},
{0.430855,0.284572,0.284572},
{0.430453,0.284774,0.284774},
{0.430051,0.284975,0.284975},
{0.429649,0.285176,0.285176},
{0.429247,0.285376,0.285376},
{0.428846,0.285577,0.285577},
{0.428444,0.285778,0.285778},
{0.428043,0.285979,0.285979},
{0.427641,0.286179,0.286179},
{0.42724,0.28638,0.28638},
{0.426839,0.286581,0.286581},
{0.426438,0.286781,0.286781},
{0.426037,0.286981,0.286981},
{0.425636,0.287182,0.287182},
{0.425236,0.287382,0.287382},
{0.424835,0.287582,0.287582},
{0.424435,0.287783,0.287783},
{0.424034,0.287983,0.287983},
{0.423634,0.288183,0.288183},
{0.423234,0.288383,0.288383},
{0.422834,0.288583,0.288583},
{0.422435,0.288783,0.288783},
{0.422035,0.288983,0.288983},
{0.421635,0.289182,0.289182},
{0.421236,0.289382,0.289382},
{0.420836,0.289582,0.289582},
{0.420437,0.289781,0.289781},
{0.420038,0.289981,0.289981},
{0.419639,0.290181,0.290181},
{0.41924,0.29038,0.29038},
{0.418841,0.290579,0.290579},
{0.418443,0.290779,0.290779},
{0.418044,0.290978,0.290978},
{0.417646,0.291177,0.291177},
{0.417247,0.291376,0.291376},
{0.416849,0.291575,0.291575},
{0.416451,0.291775,0.291775},
{0.416053,0.291974,0.291974},
{0.415655,0.292172,0.292172},
{0.415257,0.292371,0.292371},
{0.41486,0.29257,0.29257},
{0.414462,0.292769,0.292769},
{0.414065,0.292968,0.292968},
{0.413667,0.293166,0.293166},
{0.41327,0.293365,0.293365},
{0.412873,0.293564,0.293564},
{0.412476,0.293762,0.293762},
{0.412079,0.293961,0.293961},
{0.411682,0.294159,0.294159},
{0.411286,0.294357,0.294357},
{0.410889,0.294555,0.294555},
{0.410493,0.294754,0.294754},
{0.410096,0.294952,0.294952},
{0.4097,0.29515,0.29515},
{0.409304,0.295348,0.295348},
{0.408908,0.295546,0.295546},
{0.408512,0.295744,0.295744},
{0.408116,0.295942,0.295942},
{0.40772,0.29614,0.29614},
{0.407325,0.296338,0.296338},
{0.406929,0.296535,0.296535},
{0.406534,0.296733,0.296733},
{0.406139,0.296931,0.296931},
{0.405744,0.297128,0.297128},
{0.405349,0.297326,0.297326},
{0.404954,0.297523,0.297523},
{0.404559,0.29772,0.29772},
{0.404164,0.297918,0.297918},
{0.40377,0.298115,0.298115},
{0.403375,0.298312,0.298312},
{0.402981,0.29851,0.29851},
{0.402587,0.298707,0.298707},
{0.402192,0.298904,0.298904},
{0.401798,0.299101,0.299101},
{0.401405,0.299298,0.299298},
{0.401011,0.299495,0.299495},
{0.400617,0.299692,0.299692},
{0.400223,0.299888,0.299888},
{0.39983,0.300085,0.300085},
{0.399436,0.300282,0.300282},
{0.399043,0.300478,0.300478},
{0.39865,0.300675,0.300675},
{0.398257,0.300872,0.300872},
{0.397864,0.301068,0.301068},
{0.397471,0.301265,0.301265},
{0.397078,0.301461,0.301461},
{0.396686,0.301657,0.301657},
{0.396293,0.301853,0.301853},
{0.395901,0.30205,0.30205},
{0.395508,0.302246,0.302246},
{0.395116,0.302442,0.302442},
{0.394724,0.302638,0.302638},
{0.394332,0.302834,0.302834},
{0.39394,0.30303,0.30303},
{0.393548,0.303226,0.303226},
{0.393156,0.303422,0.303422},
{0.392765,0.303618,0.303618},
{0.392373,0.303813,0.303813},
{0.391982,0.304009,0.304009},
{0.391591,0.304205,0.304205},
{0.391199,0.3044,0.3044},
{0.390808,0.304596,0.304596},
{0.390417,0.304791,0.304791},
{0.390026,0.304987,0.304987},
{0.389636,0.305182,0.305182},
{0.389245,0.305378,0.305378},
{0.388854,0.305573,0.305573},
{0.388464,0.305768,0.305768},
{0.388074,0.305963,0.305963},
{0.387683,0.306158,0.306158},
{0.387293,0.306353,0.306353},
{0.386903,0.306548,0.306548},
{0.386513,0.306743,0.306743},
{0.386123,0.306938,0.306938},
{0.385733,0.307133,0.307133},
{0.385344,0.307328,0.307328},
{0.384954,0.307523,0.307523},
{0.384565,0.307718,0.307718},
{0.384175,0.307912,0.307912},
{0.383786,0.308107,0.308107},
{0.383397,0.308301,0.308301},
{0.383008,0.308496,0.308496},
{0.382619,0.30869,0.30869},
{0.38223,0.308885,0.308885},
{0.381841,0.309079,0.309079},
{0.381453,0.309274,0.309274},
{0.381064,0.309468,0.309468},
{0.380676,0.309662,0.309662},
{0.380288,0.309856,0.309856},
{0.379899,0.31005,0.31005},
{0.379511,0.310244,0.310244},
{0.379123,0.310438,0.310438},
{0.378735,0.310632,0.310632},
{0.378347,0.310826,0.310826},
{0.37796,0.31102,0.31102},
{0.377572,0.311214,0.311214},
{0.377184,0.311408,0.311408},
{0.376797,0.311602,0.311602},
{0.37641,0.311795,0.311795},
{0.376022,0.311989,0.311989},
{0.375635,0.312182,0.312182},
{0.375248,0.312376,0.312376},
{0.374861,0.312569,0.312569},
{0.374474,0.312763,0.312763},
{0.374088,0.312956,0.312956},
{0.373701,0.313149,0.313149},
{0.373314,0.313343,0.313343},
{0.372928,0.313536,0.313536},
{0.372542,0.313729,0.313729},
{0.372155,0.313922,0.313922},
{0.371769,0.314115,0.314115},
{0.371383,0.314308,0.314308},
{0.370997,0.314501,0.314501},
{0.370611,0.314694,0.314694},
{0.370226,0.314887,0.314887},
{0.36984,0.31508,0.31508},
{0.369454,0.315273,0.315273},
{0.369069,0.315466,0.315466},
{0.368683,0.315658,0.315658},
{0.368298,0.315851,0.315851},
{0.367913,0.316044,0.316044},
{0.367528,0.316236,0.316236},
{0.367143,0.316429,0.316429},
{0.366758,0.316621,0.316621},
{0.366373,0.316813,0.316813},
{0.365988,0.317006,0.317006},
{0.365604,0.317198,0.317198},
{0.365219,0.31739,0.31739},
{0.364835,0.317583,0.317583},
{0.364451,0.317775,0.317775},
{0.364066,0.317967,0.317967},
{0.363682,0.318159,0.318159},
{0.363298,0.318351,0.318351},
{0.362914,0.318543,0.318543},
{0.36253,0.318735,0.318735},
{0.362146,0.318927,0.318927},
{0.361763,0.319119,0.319119},
{0.361379,0.31931,0.31931},
{0.360996,0.319502,0.319502},
{0.360612,0.319694,0.319694},
{0.360229,0.319885,0.319885},
{0.359846,0.320077,0.320077},
{0.359463,0.320269,0.320269},
{0.35908,0.32046,0.32046},
{0.358697,0.320652,0.320652},
{0.358314,0.320843,0.320843},
{0.357931,0.321034,0.321034},
{0.357549,0.321226,0.321226},
{0.357166,0.321417,0.321417},
{0.356784,0.321608,0.321608},
{0.356401,0.321799,0.321799},
{0.356019,0.32199,0.32199},
{0.355637,0.322182,0.322182},
{0.355255,0.322373,0.322373},
{0.354873,0.322564,0.322564},
{0.354491,0.322755,0.322755},
{0.354109,0.322945,0.322945},
{0.353727,0.323136,0.323136},
{0.353346,0.323327,0.323327},
{0.352964,0.323518,0.323518},
{0.352583,0.323709,0.323709},
{0.352201,0.323899,0.323899},
{0.35182,0.32409,0.32409},
{0.351439,0.324281,0.324281},
{0.351058,0.324471,0.324471},
{0.350677,0.324662,0.324662},
{0.350296,0.324852,0.324852},
{0.349915,0.325042,0.325042},
{0.349534,0.325233,0.325233},
{0.349154,0.325423,0.325423},
{0.348773,0.325613,0.325613},
{0.348393,0.325804,0.325804},
{0.348012,0.325994,0.325994},
{0.347632,0.326184,0.326184},
{0.347252,0.326374,0.326374},
{0.346872,0.326564,0.326564},
{0.346492,0.326754,0.326754},
{0.346112,0.326944,0.326944},
{0.345732,0.327134,0.327134},
{0.345352,0.327324,0.327324},
{0.344973,0.327514,0.327514},
{0.344593,0.327703,0.327703},
{0.344214,0.327893,0.327893},
{0.343834,0.328083,0.328083},
{0.343455,0.328272,0.328272},
{0.343076,0.328462,0.328462},
{0.342697,0.328652,0.328652},
{0.342318,0.328841,0.328841},
{0.341939,0.329031,0.329031},
{0.34156,0.32922,0.32922},
{0.341181,0.329409,0.329409},
{0.340803,0.329599,0.329599},
{0.340424,0.329788,0.329788},
{0.340045,0.329977,0.329977},
{0.339667,0.330166,0.330166},
{0.339289,0.330356,0.330356},
{0.338911,0.330545,0.330545},
{0.338532,0.330734,0.330734},
{0.338154,0.330923,0.330923},
{0.337776,0.331112,0.331112},
{0.337398,0.331301,0.331301},
{0.337021,0.33149,0.33149},
{0.336643,0.331679,0.331679},
{0.336265,0.331867,0.331867},
{0.335888,0.332056,0.332056},
{0.33551,0.332245,0.332245},
{0.335133,0.332434,0.332434},
{0.334756,0.332622,0.332622},
{0.334378,0.332811,0.332811},
{0.334001,0.332999,0.332999},
{0.333624,0.333188,0.333188},
{0.333247,0.333376,0.333376},
{0.332871,0.333565,0.333565},
{0.332494,0.333753,0.333753},
{0.332117,0.333941,0.333941},
{0.33174,0.33413,0.33413},
{0.331364,0.334318,0.334318},
{0.330988,0.334506,0.334506},
{0.330611,0.334694,0.334694},
{0.330235,0.334883,0.334883},
{0.329859,0.335071,0.335071},
{0.329483,0.335259,0.335259},
{0.329107,0.335447,0.335447},
{0.328731,0.335635,0.335635},
{0.328355,0.335823,0.335823},
{0.327979,0.33601,0.33601},
{0.327603,0.336198,0.336198},
{0.327228,0.336386,0.336386},
{0.326852,0.336574,0.336574},
{0.326477,0.336762,0.336762},
{0.326102,0.336949,0.336949},
{0.325726,0.337137,0.337137},
{0.325351,0.337324,0.337324},
{0.324976,0.337512,0.337512},
{0.324601,0.3377,0.3377},
{0.324226,0.337887,0.337887},
{0.323851,0.338074,0.338074},
{0.323476,0.338262,0.338262},
{0.323102,0.338449,0.338449},
{0.322727,0.338636,0.338636},
{0.322353,0.338824,0.338824},
{0.321978,0.339011,0.339011},
{0.321604,0.339198,0.339198},
{0.32123,0.339385,0.339385},
{0.320855,0.339572,0.339572},
{0.320481,0.339759,0.339759},
{0.320107,0.339946,0.339946},
{0.319733,0.340133,0.340133},
{0.319359,0.34032,0.34032},
{0.318986,0.340507,0.340507},
{0.318612,0.340694,0.340694},
{0.318238,0.340881,0.340881},
{0.317865,0.341068,0.341068},
{0.317491,0.341254,0.341254},
{0.317118,0.341441,0.341441},
{0.316745,0.341628,0.341628},
{0.316371,0.341814,0.341814},
{0.315998,0.342001,0.342001},
{0.315625,0.342187,0.342187},
{0.315252,0.342374,0.342374},
{0.314879,0.34256,0.34256},
{0.314506,0.342747,0.342747},
{0.314134,0.342933,0.342933},
{0.313761,0.34312,0.34312},
{0.313388,0.343306,0.343306},
{0.313016,0.343492,0.343492},
{0.312643,0.343678,0.343678},
{0.312271,0.343864,0.343864},
{0.311899,0.344051,0.344051},
{0.311527,0.344237,0.344237},
{0.311155,0.344423,0.344423},
{0.310783,0.344609,0.344609},
{0.310411,0.344795,0.344795},
{0.310039,0.344981,0.344981},
{0.309667,0.345167,0.345167},
{0.309295,0.345352,0.345352},
{0.308924,0.345538,0.345538},
